background	rust	chlorosis	leaf
214, 218, 222	40, 137, 136	36, 124, 106	80, 137, 116
229, 232, 237	0, 90, 111	61, 145, 128	67, 124, 104
207, 212, 213	0, 94, 142	66, 150, 133	63, 117, 98
222, 226, 227	0, 66, 125	67, 152, 133	56, 111, 92
213, 217, 221	23, 122, 131	52, 137, 120	60, 118, 97
224, 227, 232	0, 68, 100	72, 155, 138	66, 123, 102
224, 228, 230	26, 113, 168	77, 161, 143	56, 111, 92
222, 226, 227	0, 77, 138	76, 160, 142	49, 104, 85
219, 223, 228	0, 84, 104	61, 147, 132	50, 109, 87
216, 220, 224	0, 63, 104	73, 157, 142	59, 117, 96
235, 240, 241	36, 118, 180	78, 163, 148	44, 102, 83
220, 224, 225	0, 78, 141	76, 162, 143	51, 108, 90
228, 231, 236	0, 77, 106	67, 151, 138	67, 124, 104
208, 211, 216	0, 62, 111	70, 155, 140	61, 119, 98
227, 231, 233	54, 129, 193	71, 159, 144	50, 107, 89
220, 224, 225	0, 67, 133	68, 155, 140	61, 118, 99
221, 224, 229	29, 85, 99	62, 157, 154	36, 98, 79
217, 221, 226	19, 89, 114	68, 163, 155	43, 104, 88
218, 222, 227	50, 126, 163	60, 150, 139	37, 99, 82
223, 226, 231	1, 106, 153	70, 156, 145	48, 108, 90
215, 219, 223	23, 81, 101	60, 155, 152	50, 107, 89
212, 216, 220	35, 103, 133	66, 161, 152	46, 106, 90
212, 216, 220	43, 122, 162	63, 152, 141	42, 103, 87
216, 220, 224	0, 103, 149	76, 165, 153	45, 105, 87
210, 214, 218	13, 76, 100	66, 160, 157	54, 112, 93
207, 210, 215	18, 93, 124	68, 163, 155	38, 100, 84
207, 210, 215	21, 110, 149	56, 146, 134	43, 104, 88
208, 211, 216	0, 92, 139	63, 153, 139	55, 115, 96
222, 225, 230	6, 69, 95	58, 153, 148	58, 115, 96
219, 223, 228	4, 82, 115	66, 161, 151	41, 102, 86
216, 220, 224	18, 104, 146	56, 147, 133	52, 112, 95
214, 218, 222	0, 93, 141	64, 152, 138	65, 124, 106
201, 204, 210	53, 124, 103	66, 126, 115	104, 144, 131
200, 203, 209	43, 118, 105	60, 129, 116	66, 107, 94
201, 204, 210	39, 118, 118	48, 124, 107	60, 102, 89
203, 206, 212	10, 104, 122	44, 121, 105	57, 98, 86
200, 203, 209	58, 128, 110	69, 130, 118	50, 92, 79
199, 202, 208	44, 116, 103	57, 125, 113	57, 98, 86
199, 202, 208	29, 111, 109	42, 118, 102	54, 95, 82
201, 204, 210	2, 102, 113	24, 105, 89	55, 96, 83
202, 205, 211	61, 127, 111	50, 112, 100	57, 98, 86
200, 203, 209	78, 149, 133	42, 112, 97	62, 103, 90
199, 202, 208	66, 142, 131	37, 114, 98	60, 102, 89
199, 202, 208	53, 137, 129	43, 120, 104	30, 74, 60
203, 206, 212	69, 134, 119	67, 124, 114	99, 138, 121
202, 205, 211	77, 145, 130	53, 119, 104	57, 97, 81
200, 203, 209	86, 160, 144	32, 110, 93	48, 89, 72
200, 203, 209	73, 156, 139	53, 130, 111	47, 88, 71
220, 224, 225	0, 67, 95	48, 125, 108	65, 105, 88
222, 226, 227	13, 98, 128	49, 129, 110	67, 109, 93
217, 222, 223	0, 97, 125	64, 143, 119	58, 101, 84
213, 218, 219	0, 88, 109	49, 127, 104	78, 121, 107
225, 229, 231	0, 48, 88	40, 118, 102	67, 107, 91
227, 231, 233	14, 99, 139	46, 127, 108	55, 97, 81
222, 226, 227	0, 89, 129	45, 125, 103	59, 102, 85
214, 219, 220	0, 83, 112	52, 128, 107	49, 93, 79
226, 230, 232	0, 52, 92	39, 117, 101	59, 99, 82
226, 230, 232	6, 96, 137	51, 128, 112	48, 91, 75
225, 229, 231	17, 106, 148	61, 136, 118	76, 118, 101
223, 227, 228	0, 92, 124	44, 120, 104	48, 92, 78
222, 226, 227	0, 62, 105	46, 121, 105	59, 99, 82
221, 225, 226	0, 81, 127	48, 125, 108	78, 120, 103
214, 219, 220	8, 102, 144	47, 121, 109	68, 110, 94
207, 212, 213	0, 85, 120	41, 115, 106	50, 94, 80
204, 207, 212	0, 55, 117	47, 136, 118	55, 107, 92
201, 204, 209	0, 81, 147	56, 144, 128	73, 120, 110
199, 202, 207	0, 77, 143	63, 149, 132	60, 105, 95
198, 201, 206	0, 92, 157	71, 158, 138	83, 124, 116
216, 220, 224	0, 67, 132	53, 143, 127	20, 77, 62
216, 220, 224	0, 73, 143	58, 148, 132	85, 131, 122
214, 218, 222	0, 85, 157	66, 154, 139	59, 104, 94
210, 214, 218	2, 94, 165	74, 161, 147	98, 139, 132
214, 218, 222	0, 61, 125	58, 149, 131	59, 107, 93
215, 219, 223	0, 81, 149	62, 152, 135	95, 139, 127
216, 220, 224	0, 84, 156	67, 155, 141	60, 105, 95
215, 219, 223	0, 83, 154	81, 167, 153	47, 89, 80
210, 214, 218	0, 61, 119	48, 142, 121	54, 101, 87
211, 215, 219	0, 75, 140	56, 150, 130	76, 119, 105
212, 216, 220	0, 82, 152	72, 162, 145	62, 105, 93
213, 217, 221	0, 80, 152	85, 173, 154	50, 92, 80
224, 228, 230	0, 69, 100	71, 158, 140	62, 108, 94
230, 235, 236	0, 64, 103	77, 163, 145	41, 86, 71
227, 231, 233	0, 71, 117	75, 163, 144	56, 100, 85
227, 231, 233	0, 70, 119	65, 155, 136	58, 102, 85
220, 224, 225	0, 78, 105	65, 153, 135	60, 106, 92
226, 230, 232	0, 71, 108	73, 159, 142	44, 89, 75
225, 229, 231	0, 79, 122	71, 159, 141	47, 91, 77
232, 237, 238	0, 53, 104	71, 160, 141	48, 92, 76
223, 227, 228	7, 81, 107	77, 164, 148	46, 93, 79
226, 230, 232	0, 64, 101	93, 178, 163	41, 86, 71
225, 229, 231	0, 55, 98	79, 165, 150	38, 83, 69
232, 237, 238	0, 66, 116	77, 166, 147	50, 94, 78
222, 226, 227	0, 74, 97	66, 155, 136	51, 97, 83
225, 229, 231	0, 55, 89	76, 164, 144	52, 96, 82
223, 227, 228	0, 50, 93	65, 155, 137	45, 90, 76
235, 240, 241	0, 65, 119	73, 164, 146	64, 107, 91
210, 214, 218	39, 94, 121	45, 136, 118	91, 136, 122
210, 214, 218	0, 68, 101	52, 143, 124	54, 101, 87
209, 213, 217	9, 92, 128	50, 141, 123	51, 100, 86
209, 213, 217	0, 95, 136	55, 146, 129	55, 106, 93
208, 211, 216	39, 94, 121	45, 138, 119	87, 132, 119
209, 213, 217	0, 74, 110	50, 142, 123	67, 116, 102
209, 213, 217	24, 99, 137	51, 142, 123	42, 92, 78
208, 211, 216	0, 89, 133	55, 146, 126	40, 92, 79
213, 217, 221	34, 90, 116	56, 150, 131	47, 94, 80
214, 218, 222	16, 84, 120	63, 154, 135	47, 96, 82
213, 217, 221	42, 113, 151	67, 156, 137	47, 96, 82
212, 216, 220	0, 84, 128	61, 151, 132	50, 102, 89
210, 214, 218	26, 83, 110	54, 148, 129	59, 107, 93
210, 214, 218	21, 88, 121	52, 145, 126	59, 107, 93
209, 213, 217	51, 120, 158	54, 145, 126	42, 92, 78
207, 210, 215	0, 83, 127	48, 139, 120	47, 99, 86
245, 249, 250	1, 110, 132	49, 144, 120	39, 110, 85
226, 230, 232	0, 104, 142	52, 142, 122	56, 126, 101
237, 242, 243	0, 104, 151	52, 142, 122	54, 121, 99
241, 246, 247	0, 105, 162	64, 151, 131	44, 109, 88
241, 246, 247	0, 99, 131	50, 145, 121	52, 122, 97
238, 243, 244	0, 95, 143	38, 133, 113	48, 118, 94
231, 236, 237	0, 96, 154	48, 140, 121	40, 109, 87
230, 235, 236	0, 97, 160	56, 144, 125	47, 111, 90
216, 221, 222	0, 99, 130	33, 134, 112	39, 110, 85
243, 247, 248	0, 93, 139	23, 126, 107	55, 125, 100
234, 239, 240	0, 95, 150	46, 141, 124	36, 105, 83
210, 215, 216	0, 99, 159	50, 141, 124	50, 114, 93
222, 226, 227	0, 98, 124	36, 138, 117	16, 93, 68
224, 228, 230	0, 90, 126	38, 141, 122	50, 119, 95
235, 240, 241	0, 90, 136	49, 146, 131	59, 126, 104
217, 222, 223	0, 103, 154	46, 140, 126	36, 101, 80
210, 214, 218	11, 115, 128	69, 167, 139	53, 116, 95
213, 217, 221	0, 92, 121	76, 178, 148	63, 126, 105
211, 215, 219	0, 91, 137	65, 171, 142	50, 114, 93
211, 215, 219	0, 81, 143	71, 177, 148	66, 129, 108
209, 213, 217	11, 115, 130	62, 161, 134	47, 111, 90
213, 217, 221	0, 91, 123	75, 175, 148	57, 120, 99
217, 221, 226	0, 80, 130	75, 181, 152	54, 117, 96
218, 222, 227	0, 81, 150	81, 187, 159	51, 115, 94
211, 215, 219	6, 114, 121	74, 176, 149	45, 110, 89
217, 221, 226	0, 86, 113	79, 182, 154	60, 123, 103
222, 225, 230	5, 94, 142	72, 178, 148	56, 119, 98
219, 223, 228	2, 85, 153	58, 165, 136	62, 125, 104
212, 216, 220	19, 121, 124	63, 174, 145	53, 116, 95
216, 220, 224	3, 85, 107	76, 182, 153	62, 125, 104
221, 224, 229	0, 79, 121	72, 178, 148	56, 117, 96
219, 223, 228	0, 79, 143	69, 172, 143	76, 136, 115
227, 231, 233	0, 75, 127	79, 172, 146	49, 99, 86
231, 236, 237	0, 76, 137	77, 175, 146	57, 106, 92
224, 228, 230	0, 85, 151	64, 165, 140	52, 102, 84
231, 236, 237	0, 88, 157	54, 159, 138	46, 100, 80
239, 244, 245	13, 94, 145	86, 179, 153	55, 104, 90
227, 231, 233	0, 82, 144	84, 182, 154	52, 101, 87
231, 236, 237	0, 91, 160	68, 169, 144	47, 100, 82
229, 234, 235	0, 99, 169	62, 166, 145	55, 110, 90
228, 233, 234	9, 93, 142	74, 168, 143	51, 104, 89
230, 235, 236	0, 83, 141	75, 173, 145	62, 114, 98
220, 224, 225	0, 98, 164	61, 162, 137	49, 97, 79
236, 241, 242	0, 95, 162	53, 159, 137	51, 99, 81
227, 231, 233	1, 64, 112	71, 165, 139	51, 100, 86
228, 233, 234	0, 72, 130	73, 171, 143	53, 103, 85
223, 227, 228	0, 107, 170	72, 171, 147	37, 92, 72
228, 233, 234	0, 95, 160	60, 166, 141	50, 105, 85
210, 214, 218	0, 87, 151	104, 193, 169	69, 121, 106
209, 213, 217	0, 99, 157	92, 180, 156	48, 101, 86
210, 214, 218	0, 105, 163	75, 167, 142	63, 110, 93
208, 211, 216	0, 81, 145	80, 175, 150	46, 94, 77
211, 215, 219	0, 96, 158	93, 185, 160	51, 101, 83
209, 213, 217	0, 96, 154	78, 170, 146	48, 99, 81
208, 211, 216	0, 111, 167	72, 165, 140	47, 101, 81
218, 222, 227	0, 80, 141	81, 176, 151	55, 110, 90
209, 213, 217	0, 94, 152	96, 191, 166	43, 97, 81
209, 213, 217	0, 96, 149	77, 172, 147	54, 103, 89
209, 213, 217	6, 122, 176	68, 162, 137	46, 94, 77
207, 210, 215	0, 93, 151	90, 186, 161	50, 94, 78
207, 210, 215	0, 94, 147	76, 176, 153	51, 104, 89
209, 213, 217	1, 117, 167	79, 177, 154	80, 127, 113
211, 215, 219	17, 129, 183	59, 158, 134	61, 108, 91
219, 223, 228	0, 98, 153	71, 172, 146	49, 93, 77
221, 225, 226	0, 108, 155	89, 190, 181	42, 87, 73
222, 226, 227	0, 90, 149	86, 187, 180	52, 96, 82
221, 225, 226	0, 93, 159	89, 190, 186	56, 100, 83
216, 221, 222	0, 84, 153	87, 189, 185	52, 96, 80
221, 225, 226	0, 126, 170	79, 181, 172	42, 87, 73
220, 224, 225	0, 112, 164	77, 179, 172	57, 101, 87
218, 223, 224	0, 76, 137	94, 193, 189	51, 99, 81
217, 222, 223	0, 73, 139	82, 183, 180	32, 81, 64
221, 225, 226	0, 135, 175	55, 159, 150	51, 95, 81
220, 224, 225	20, 140, 185	63, 165, 158	64, 107, 93
221, 225, 226	0, 99, 151	95, 193, 189	54, 102, 84
221, 225, 226	0, 80, 139	87, 185, 182	29, 79, 61
218, 223, 224	0, 136, 169	77, 179, 169	58, 105, 86
221, 225, 226	26, 144, 182	70, 170, 163	62, 109, 91
225, 229, 231	0, 97, 141	84, 181, 177	47, 99, 79
221, 225, 226	0, 80, 130	95, 194, 190	38, 89, 71
220, 224, 229	0, 110, 101	66, 151, 143	44, 89, 75
223, 225, 230	0, 108, 116	84, 165, 157	53, 97, 83
222, 225, 230	0, 95, 120	88, 170, 162	59, 106, 89
219, 222, 227	0, 91, 134	82, 165, 155	53, 101, 82
220, 223, 228	14, 122, 116	67, 153, 144	63, 110, 92
224, 227, 232	0, 104, 116	84, 166, 158	56, 103, 84
223, 226, 231	0, 84, 116	90, 173, 163	52, 103, 83
220, 224, 229	0, 85, 137	85, 168, 156	51, 101, 83
217, 221, 226	11, 121, 118	58, 145, 137	66, 113, 94
221, 224, 229	0, 105, 121	75, 162, 152	59, 106, 87
220, 224, 229	0, 87, 123	86, 171, 160	55, 106, 86
218, 222, 227	0, 82, 138	91, 174, 162	70, 119, 101
221, 224, 229	0, 102, 101	60, 148, 138	56, 103, 84
221, 224, 229	0, 101, 121	64, 152, 140	42, 90, 71
218, 222, 227	0, 91, 133	65, 151, 140	52, 103, 83
217, 221, 226	0, 87, 146	63, 149, 136	44, 94, 77
231, 233, 234	0, 77, 112	74, 137, 129	58, 110, 93
236, 239, 240	0, 78, 139	59, 126, 116	91, 144, 126
236, 237, 237	0, 87, 152	58, 128, 114	63, 117, 98
231, 233, 234	0, 101, 159	49, 122, 106	44, 99, 83
233, 237, 238	0, 80, 114	67, 133, 125	53, 105, 88
242, 246, 247	0, 69, 129	54, 122, 111	86, 139, 121
248, 251, 252	0, 88, 157	53, 122, 109	79, 133, 114
237, 241, 242	0, 102, 170	56, 129, 112	56, 109, 94
233, 238, 240	0, 91, 122	75, 141, 133	62, 114, 96
233, 238, 239	0, 72, 130	61, 128, 118	95, 149, 130
242, 247, 248	0, 86, 157	61, 130, 116	80, 134, 115
232, 237, 238	0, 93, 165	55, 129, 111	44, 99, 83
243, 248, 249	0, 91, 119	77, 142, 134	62, 114, 96
243, 247, 249	0, 76, 132	67, 135, 123	97, 147, 130
242, 247, 248	0, 88, 158	70, 139, 123	76, 127, 110
237, 242, 243	0, 87, 162	55, 128, 110	35, 89, 74
231, 233, 234	0, 70, 120	61, 133, 122	43, 87, 70
240, 242, 243	0, 66, 121	60, 130, 118	50, 94, 78
255, 255, 255	0, 73, 131	65, 132, 117	21, 75, 57
249, 250, 251	0, 72, 121	64, 130, 114	43, 97, 79
230, 232, 233	1, 72, 126	73, 158, 149	41, 83, 70
240, 242, 243	4, 81, 140	82, 163, 149	39, 87, 73
255, 255, 255	4, 63, 124	85, 163, 146	30, 83, 65
255, 255, 255	13, 88, 137	90, 167, 148	34, 88, 70
245, 247, 248	4, 69, 129	62, 134, 122	45, 90, 76
240, 243, 244	20, 91, 153	65, 135, 121	42, 89, 75
250, 252, 253	0, 66, 127	66, 133, 118	31, 84, 66
251, 253, 253	0, 83, 131	64, 130, 114	20, 77, 59
254, 255, 255	1, 67, 131	74, 157, 146	43, 90, 76
245, 248, 249	7, 82, 145	79, 160, 148	36, 87, 73
247, 249, 250	0, 61, 121	76, 158, 143	35, 89, 71
234, 237, 238	0, 79, 127	71, 153, 137	41, 94, 77
249, 252, 252	0, 65, 104	66, 135, 121	61, 114, 94
241, 244, 245	0, 66, 118	68, 136, 121	63, 116, 96
250, 252, 254	0, 73, 130	66, 133, 118	53, 106, 86
240, 242, 243	0, 73, 126	62, 129, 113	32, 88, 68
243, 245, 246	0, 57, 102	69, 151, 139	54, 107, 87
252, 254, 255	0, 57, 115	74, 157, 145	41, 96, 76
243, 245, 246	0, 71, 134	75, 157, 145	53, 106, 86
223, 225, 225	0, 58, 120	73, 157, 144	34, 89, 69
250, 250, 250	0, 55, 104	62, 132, 117	53, 106, 86
244, 244, 244	0, 47, 110	62, 131, 115	59, 113, 93
251, 252, 252	0, 57, 128	61, 127, 112	92, 144, 125
255, 255, 255	0, 57, 124	59, 125, 110	73, 125, 106
222, 225, 226	0, 64, 114	76, 156, 143	64, 117, 97
203, 206, 207	0, 52, 118	70, 153, 139	56, 109, 90
237, 240, 241	0, 54, 127	70, 154, 140	72, 124, 105
241, 244, 245	0, 61, 131	74, 158, 144	64, 117, 97
238, 243, 244	37, 102, 133	60, 140, 122	54, 108, 89
236, 241, 242	62, 122, 167	56, 136, 120	49, 104, 84
242, 247, 248	73, 131, 180	63, 141, 129	52, 102, 84
238, 243, 244	65, 127, 175	61, 143, 131	50, 100, 82
227, 232, 233	56, 118, 151	64, 144, 123	56, 111, 91
226, 231, 232	80, 139, 184	55, 135, 118	54, 108, 89
232, 237, 238	84, 141, 192	54, 134, 117	59, 108, 91
238, 243, 244	59, 120, 171	55, 135, 120	59, 108, 91
234, 239, 240	42, 105, 139	77, 157, 134	40, 96, 76
233, 238, 239	46, 108, 153	68, 147, 126	54, 108, 89
225, 230, 231	47, 110, 161	62, 140, 119	56, 106, 89
225, 230, 231	55, 118, 173	52, 133, 116	59, 108, 91
243, 248, 249	38, 102, 135	69, 149, 127	60, 115, 95
244, 249, 250	47, 109, 154	62, 144, 120	47, 102, 82
233, 238, 239	47, 110, 161	68, 147, 126	50, 100, 82
229, 233, 235	41, 106, 162	60, 141, 123	51, 101, 83
214, 218, 222	62, 153, 164	71, 136, 120	66, 118, 100
214, 219, 222	35, 130, 149	75, 142, 124	44, 99, 79
211, 214, 218	1, 113, 138	75, 141, 124	71, 123, 104
210, 213, 218	7, 121, 148	68, 133, 117	75, 128, 108
230, 235, 236	37, 132, 149	64, 131, 115	105, 138, 131
226, 231, 231	10, 114, 138	66, 134, 115	27, 73, 61
223, 227, 229	0, 104, 135	68, 134, 117	60, 108, 94
226, 231, 232	9, 118, 152	67, 131, 115	67, 119, 101
233, 237, 239	20, 120, 143	65, 132, 116	61, 113, 95
234, 238, 240	0, 110, 139	62, 129, 112	55, 108, 89
232, 237, 238	0, 98, 134	64, 130, 113	62, 115, 95
231, 236, 237	10, 110, 151	67, 131, 115	55, 108, 89
224, 229, 230	38, 133, 158	74, 140, 124	102, 135, 128
227, 232, 233	21, 124, 158	73, 141, 122	38, 82, 70
226, 231, 232	0, 101, 143	73, 139, 121	45, 92, 78
224, 229, 230	7, 100, 145	72, 136, 120	33, 85, 67
224, 227, 232	15, 94, 97	76, 152, 135	64, 114, 96
226, 230, 234	17, 96, 111	77, 151, 135	51, 105, 85
227, 231, 235	33, 104, 134	71, 146, 130	40, 95, 75
227, 231, 235	51, 119, 160	59, 136, 119	50, 104, 84
227, 231, 235	6, 90, 92	57, 131, 118	102, 135, 128
228, 232, 237	13, 94, 107	63, 136, 121	45, 89, 77
229, 233, 238	29, 104, 131	60, 133, 116	52, 99, 84
229, 233, 238	48, 117, 158	61, 130, 114	53, 103, 85
225, 229, 233	2, 90, 91	87, 163, 144	50, 100, 82
225, 229, 233	0, 86, 97	77, 152, 135	83, 135, 115
225, 229, 233	17, 96, 122	63, 139, 123	48, 102, 82
226, 230, 234	42, 112, 153	59, 138, 121	73, 125, 106
220, 223, 229	9, 95, 94	61, 134, 121	86, 119, 112
221, 224, 229	0, 85, 95	65, 138, 123	23, 69, 57
223, 226, 231	14, 96, 120	59, 132, 115	61, 107, 93
223, 226, 231	48, 119, 157	58, 128, 111	53, 101, 83
248, 250, 252	71, 153, 143	77, 153, 135	49, 103, 83
232, 235, 239	50, 138, 138	61, 138, 119	54, 107, 87
236, 239, 241	19, 128, 135	55, 134, 115	57, 109, 92
244, 246, 246	0, 120, 138	57, 138, 119	57, 109, 92
250, 252, 253	65, 146, 143	67, 140, 128	61, 114, 94
249, 251, 252	41, 134, 137	69, 141, 127	61, 114, 94
253, 254, 254	13, 123, 137	63, 135, 118	55, 107, 90
248, 249, 249	0, 119, 143	60, 129, 113	47, 100, 82
249, 251, 253	55, 137, 137	71, 147, 129	67, 120, 100
250, 252, 254	34, 129, 138	59, 137, 117	59, 113, 93
253, 254, 255	11, 121, 142	59, 137, 118	54, 106, 89
239, 243, 244	0, 118, 149	53, 134, 115	41, 94, 77
254, 255, 255	46, 131, 135	64, 138, 125	52, 104, 87
254, 255, 255	31, 128, 142	67, 140, 125	45, 98, 80
246, 248, 249	11, 122, 149	65, 138, 121	62, 114, 96
242, 247, 248	0, 114, 150	64, 132, 117	56, 108, 91
239, 245, 246	65, 125, 137	52, 140, 120	36, 89, 69
252, 255, 255	54, 124, 142	47, 135, 116	37, 86, 67
242, 246, 247	56, 131, 156	40, 130, 111	45, 93, 74
223, 229, 230	59, 136, 166	46, 135, 115	42, 95, 74
222, 227, 228	62, 124, 136	58, 145, 125	54, 104, 86
240, 245, 246	51, 120, 138	55, 142, 123	53, 101, 83
243, 247, 249	50, 125, 148	52, 140, 120	46, 94, 77
243, 248, 249	49, 126, 156	53, 142, 121	31, 84, 66
238, 242, 244	63, 126, 136	60, 146, 127	43, 93, 76
232, 237, 238	51, 123, 140	60, 146, 127	61, 108, 91
228, 233, 234	54, 129, 152	59, 147, 127	40, 89, 71
232, 235, 237	56, 133, 161	56, 144, 125	30, 83, 65
248, 252, 253	60, 123, 133	59, 143, 125	36, 81, 67
236, 240, 242	48, 120, 136	53, 141, 122	39, 90, 72
242, 246, 246	50, 127, 149	50, 139, 120	36, 88, 70
234, 236, 237	53, 134, 161	56, 144, 124	46, 97, 79
244, 249, 250	63, 130, 171	67, 153, 144	39, 88, 70
245, 249, 251	58, 125, 174	53, 144, 127	46, 94, 77
243, 248, 250	33, 108, 157	61, 154, 129	38, 87, 69
248, 252, 254	11, 99, 147	65, 154, 130	41, 92, 75
232, 236, 238	62, 127, 171	58, 144, 135	48, 92, 78
237, 242, 243	58, 124, 173	47, 139, 121	35, 87, 69
237, 242, 243	38, 110, 160	46, 139, 116	35, 87, 69
249, 252, 253	13, 96, 146	62, 152, 128	60, 109, 92
237, 240, 241	55, 120, 162	51, 135, 127	41, 86, 71
241, 245, 247	53, 118, 168	63, 149, 134	40, 91, 74
236, 242, 243	44, 115, 164	59, 147, 126	43, 93, 76
246, 249, 250	14, 96, 146	49, 139, 116	40, 91, 74
244, 248, 249	49, 114, 153	65, 146, 140	82, 138, 113
244, 249, 251	47, 112, 161	57, 141, 130	49, 107, 81
244, 246, 247	44, 113, 162	54, 140, 122	50, 104, 84
239, 244, 244	20, 98, 147	55, 142, 120	63, 116, 96
216, 220, 225	0, 69, 103	83, 145, 135	43, 88, 74
216, 220, 225	0, 77, 124	87, 150, 138	46, 97, 79
217, 220, 225	0, 74, 131	66, 127, 116	44, 94, 77
219, 223, 227	0, 66, 130	92, 152, 142	23, 77, 59
221, 224, 229	0, 73, 110	67, 133, 114	62, 118, 93
223, 226, 231	0, 73, 125	74, 138, 120	48, 105, 80
221, 224, 229	4, 77, 140	55, 116, 101	42, 97, 77
223, 226, 231	8, 86, 151	88, 147, 135	39, 93, 73
219, 222, 227	0, 64, 103	69, 133, 113	68, 123, 98
221, 225, 230	0, 61, 112	89, 152, 132	52, 108, 82
214, 218, 223	13, 75, 137	82, 142, 127	59, 109, 90
211, 214, 219	21, 89, 154	79, 137, 124	65, 116, 96
217, 221, 226	0, 62, 103	71, 134, 113	64, 120, 95
217, 221, 226	0, 56, 107	83, 145, 126	54, 109, 86
217, 220, 225	17, 76, 136	81, 139, 123	66, 117, 97
214, 218, 223	27, 93, 157	91, 149, 134	51, 102, 82
212, 218, 222	15, 103, 116	106, 170, 153	63, 133, 112
219, 225, 229	13, 99, 116	77, 140, 124	57, 126, 106
224, 230, 234	19, 100, 129	60, 127, 110	52, 125, 103
218, 224, 227	20, 98, 136	72, 139, 121	55, 131, 109
218, 224, 227	15, 105, 118	83, 149, 132	67, 136, 116
226, 232, 236	8, 98, 115	77, 143, 126	69, 137, 117
229, 235, 239	39, 114, 143	70, 136, 119	59, 131, 110
228, 234, 237	34, 111, 148	57, 125, 108	50, 125, 104
226, 233, 235	10, 103, 114	82, 151, 137	54, 126, 104
223, 230, 233	7, 101, 116	69, 137, 123	64, 132, 112
228, 235, 238	59, 136, 160	63, 131, 116	63, 134, 114
235, 241, 245	38, 113, 149	72, 140, 125	53, 128, 107
201, 208, 212	0, 90, 108	88, 157, 143	50, 121, 100
203, 210, 214	12, 100, 120	87, 157, 142	52, 121, 102
208, 214, 218	77, 152, 180	76, 146, 132	57, 129, 108
223, 228, 232	47, 122, 159	66, 137, 122	55, 131, 109
233, 238, 239	49, 150, 132	79, 139, 126	32, 124, 98
232, 237, 238	51, 154, 136	79, 138, 122	57, 144, 118
231, 236, 237	49, 148, 131	83, 143, 129	24, 117, 92
231, 236, 237	50, 146, 129	81, 142, 128	43, 131, 106
226, 231, 232	40, 142, 142	73, 130, 115	40, 131, 104
226, 231, 232	41, 145, 146	101, 159, 143	30, 124, 96
224, 229, 230	37, 139, 139	71, 129, 116	31, 122, 97
225, 230, 231	37, 137, 134	77, 139, 125	39, 129, 104
219, 223, 225	41, 143, 161	86, 145, 129	43, 135, 106
222, 227, 228	27, 131, 152	97, 155, 140	36, 128, 100
225, 230, 231	12, 121, 138	77, 135, 121	35, 126, 100
226, 231, 232	9, 119, 132	86, 147, 133	35, 126, 101
218, 223, 224	0, 97, 134	81, 140, 123	31, 123, 95
222, 227, 228	0, 95, 136	85, 144, 127	52, 141, 114
227, 232, 233	0, 102, 135	71, 131, 118	41, 130, 105
228, 233, 234	0, 106, 134	93, 154, 140	35, 126, 101
226, 231, 232	12, 75, 118	64, 139, 118	51, 133, 108
240, 245, 246	41, 98, 148	48, 125, 104	45, 127, 102
245, 250, 251	25, 85, 140	54, 130, 109	27, 114, 88
228, 233, 234	0, 39, 96	41, 119, 97	42, 126, 101
213, 218, 219	71, 119, 167	56, 130, 108	56, 135, 112
226, 231, 232	16, 75, 128	41, 117, 95	51, 130, 106
240, 245, 246	0, 70, 128	49, 125, 102	36, 120, 94
234, 239, 240	1, 45, 104	46, 123, 100	55, 137, 112
227, 232, 233	106, 149, 199	53, 129, 105	47, 126, 102
230, 235, 236	22, 75, 129	44, 120, 96	40, 122, 98
233, 238, 239	0, 46, 104	52, 127, 103	42, 124, 99
230, 235, 236	1, 56, 115	48, 124, 100	60, 142, 116
237, 242, 243	5, 60, 114	50, 122, 105	36, 116, 92
222, 226, 228	56, 101, 152	53, 128, 110	39, 119, 95
214, 219, 220	0, 36, 91	50, 129, 109	33, 116, 92
215, 220, 221	2, 64, 120	47, 126, 107	48, 131, 106
241, 246, 247	53, 112, 125	50, 124, 102	41, 110, 93
241, 246, 247	50, 111, 133	54, 129, 106	55, 124, 104
246, 250, 251	56, 122, 151	62, 137, 114	59, 127, 105
252, 255, 255	50, 116, 153	40, 114, 91	57, 126, 103
236, 240, 242	52, 110, 126	53, 122, 103	33, 103, 87
239, 245, 245	48, 110, 133	38, 113, 94	46, 116, 96
235, 240, 241	51, 117, 148	57, 130, 112	53, 123, 100
235, 240, 241	45, 111, 151	49, 125, 107	50, 120, 97
239, 244, 245	53, 110, 127	57, 125, 105	22, 94, 78
240, 245, 246	40, 103, 126	59, 128, 107	47, 117, 97
235, 240, 241	32, 101, 133	53, 122, 105	58, 128, 105
235, 238, 241	24, 94, 136	53, 125, 108	55, 124, 101
237, 242, 243	37, 96, 113	60, 126, 107	25, 95, 79
236, 241, 242	34, 97, 121	63, 129, 109	45, 115, 95
240, 245, 246	34, 102, 134	55, 124, 105	51, 120, 98
245, 250, 251	29, 98, 141	51, 122, 102	55, 123, 100
227, 232, 234	1, 93, 125	69, 129, 115	32, 138, 110
228, 233, 234	0, 85, 128	60, 120, 106	41, 142, 115
236, 241, 242	38, 125, 169	41, 107, 92	33, 132, 107
237, 242, 243	44, 144, 183	53, 119, 104	43, 141, 116
248, 250, 251	0, 87, 115	41, 106, 92	23, 131, 104
230, 234, 236	0, 90, 126	57, 121, 106	31, 134, 106
231, 236, 237	11, 107, 143	49, 115, 100	39, 132, 106
233, 238, 239	12, 117, 148	60, 124, 109	39, 137, 110
230, 234, 235	0, 91, 112	51, 116, 101	9, 124, 96
223, 228, 229	1, 107, 133	67, 132, 117	29, 132, 105
232, 237, 238	0, 98, 125	52, 118, 103	48, 140, 114
233, 238, 239	0, 88, 110	52, 119, 104	53, 148, 121
240, 245, 246	0, 96, 109	65, 130, 115	16, 128, 101
230, 235, 236	0, 99, 117	69, 133, 118	32, 134, 107
234, 239, 240	0, 92, 109	56, 122, 107	46, 137, 113
231, 236, 237	8, 101, 114	67, 133, 118	47, 142, 117
222, 225, 230	34, 112, 121	45, 125, 117	42, 115, 97
224, 227, 232	22, 107, 126	87, 161, 149	50, 123, 105
222, 225, 230	27, 120, 140	56, 129, 119	42, 115, 97
222, 225, 230	0, 111, 137	73, 143, 131	47, 121, 99
222, 225, 230	1, 76, 95	30, 116, 109	50, 122, 105
223, 226, 231	1, 92, 126	93, 168, 155	58, 131, 110
221, 225, 230	0, 96, 129	82, 153, 144	43, 118, 95
220, 223, 228	0, 98, 136	51, 127, 112	45, 115, 95
218, 222, 227	0, 77, 103	43, 126, 119	50, 120, 102
218, 223, 228	45, 118, 159	68, 144, 132	55, 124, 104
216, 220, 225	1, 99, 140	57, 131, 119	37, 109, 88
214, 218, 223	0, 87, 135	60, 135, 117	45, 114, 94
214, 218, 222	25, 94, 124	19, 106, 97	46, 116, 95
215, 219, 224	77, 141, 189	56, 131, 117	47, 118, 97
214, 218, 223	28, 109, 156	58, 131, 117	35, 107, 86
213, 216, 221	1, 91, 145	49, 122, 102	50, 119, 98
236, 241, 242	0, 103, 122	53, 114, 101	60, 115, 96
239, 244, 245	0, 102, 141	85, 149, 134	49, 109, 89
244, 248, 250	0, 103, 150	67, 132, 117	42, 112, 89
234, 238, 240	0, 103, 157	73, 137, 122	30, 102, 80
241, 246, 247	0, 107, 125	62, 124, 110	56, 109, 92
241, 246, 247	0, 105, 143	77, 141, 126	49, 106, 88
249, 254, 255	0, 106, 155	58, 123, 108	51, 117, 95
241, 246, 247	0, 102, 157	64, 129, 113	35, 107, 84
244, 249, 250	0, 102, 123	57, 123, 107	63, 112, 98
246, 251, 253	0, 105, 145	47, 113, 97	60, 112, 94
250, 255, 255	0, 113, 163	50, 116, 101	58, 121, 99
242, 247, 248	0, 105, 161	51, 116, 100	35, 106, 84
244, 249, 250	0, 87, 109	50, 116, 100	55, 102, 87
246, 251, 252	0, 97, 139	73, 137, 122	51, 103, 84
246, 251, 252	0, 116, 168	42, 108, 93	49, 110, 89
239, 244, 245	0, 107, 165	43, 111, 94	36, 103, 81
227, 231, 233	0, 93, 119	70, 142, 125	40, 129, 105
233, 238, 239	0, 101, 142	65, 136, 120	35, 129, 102
228, 233, 234	6, 105, 164	85, 160, 142	37, 131, 104
226, 231, 232	44, 146, 207	61, 137, 121	58, 144, 119
237, 242, 243	0, 104, 129	61, 133, 116	41, 130, 105
229, 234, 235	0, 98, 139	58, 131, 113	43, 136, 108
229, 235, 235	7, 113, 169	59, 135, 117	47, 139, 112
231, 236, 237	50, 151, 211	54, 132, 113	38, 128, 102
233, 238, 239	0, 102, 126	52, 122, 104	36, 127, 100
234, 239, 240	0, 87, 126	54, 128, 110	37, 131, 104
234, 239, 240	6, 108, 161	45, 119, 102	41, 135, 107
233, 237, 239	45, 145, 201	48, 125, 106	31, 123, 97
225, 230, 231	1, 107, 129	59, 130, 112	34, 126, 98
235, 240, 241	0, 91, 126	59, 131, 113	33, 128, 100
243, 248, 249	2, 98, 148	68, 140, 122	37, 131, 104
237, 242, 243	17, 125, 175	48, 125, 106	45, 134, 108
253, 255, 255	23, 125, 137	41, 118, 101	54, 123, 100
243, 248, 249	28, 124, 142	38, 116, 99	48, 117, 94
232, 238, 239	12, 111, 135	36, 109, 93	55, 124, 101
228, 233, 234	2, 108, 135	38, 108, 93	55, 124, 101
223, 227, 229	1, 105, 123	35, 114, 96	60, 126, 104
220, 224, 226	2, 105, 133	22, 104, 87	48, 113, 91
228, 233, 234	0, 101, 136	37, 110, 94	43, 108, 87
240, 245, 246	0, 100, 141	34, 106, 91	56, 124, 101
245, 250, 251	0, 97, 118	32, 110, 93	53, 138, 115
237, 241, 243	0, 92, 124	33, 109, 93	47, 129, 107
235, 238, 241	0, 94, 134	37, 112, 95	54, 135, 112
240, 244, 245	0, 93, 140	33, 106, 90	54, 135, 112
247, 252, 253	0, 94, 113	50, 122, 107	56, 123, 100
241, 246, 247	0, 81, 112	30, 107, 90	42, 109, 87
239, 245, 246	0, 84, 123	23, 101, 85	44, 110, 88
253, 254, 254	0, 83, 128	35, 111, 94	57, 121, 99
226, 230, 235	49, 112, 144	46, 122, 104	49, 133, 111
226, 230, 234	66, 128, 168	59, 136, 117	47, 130, 107
224, 227, 232	29, 100, 147	61, 139, 118	41, 124, 101
220, 224, 229	18, 89, 139	52, 131, 109	54, 135, 112
224, 226, 231	41, 103, 139	45, 120, 103	60, 126, 102
226, 229, 234	49, 112, 156	48, 125, 107	36, 106, 81
226, 231, 234	24, 94, 142	49, 128, 108	55, 119, 97
225, 229, 233	22, 89, 139	46, 126, 104	82, 142, 120
216, 220, 225	31, 97, 132	64, 134, 117	49, 133, 111
218, 222, 227	16, 94, 137	54, 129, 111	67, 148, 125
221, 225, 229	0, 72, 121	55, 132, 111	55, 136, 113
222, 225, 230	9, 73, 125	58, 134, 113	70, 150, 128
221, 224, 229	20, 91, 124	58, 129, 113	44, 108, 88
221, 224, 229	7, 83, 126	50, 125, 107	54, 117, 98
222, 225, 230	0, 61, 111	55, 131, 111	46, 102, 87
223, 226, 231	0, 62, 115	59, 135, 114	50, 106, 90
223, 227, 232	38, 119, 112	41, 116, 101	54, 137, 115
232, 236, 241	12, 107, 109	52, 126, 112	73, 152, 129
226, 230, 234	0, 92, 101	60, 135, 121	59, 139, 117
232, 236, 240	0, 95, 109	67, 141, 128	58, 140, 117
220, 223, 228	35, 116, 105	40, 115, 97	48, 111, 92
215, 217, 223	15, 105, 101	40, 116, 98	54, 115, 96
219, 222, 227	1, 88, 91	49, 126, 109	50, 107, 89
220, 223, 228	0, 90, 100	79, 152, 135	45, 102, 84
204, 208, 213	51, 127, 112	43, 116, 99	52, 113, 93
204, 208, 213	38, 121, 111	49, 122, 106	53, 113, 92
203, 207, 212	7, 101, 97	42, 118, 102	43, 102, 81
208, 212, 216	0, 88, 93	61, 137, 121	51, 108, 88
234, 237, 242	56, 131, 111	44, 116, 100	51, 111, 89
232, 235, 240	45, 128, 112	49, 123, 106	54, 115, 93
231, 234, 239	31, 124, 117	50, 124, 107	38, 97, 75
211, 215, 219	28, 127, 126	66, 139, 122	56, 112, 92
204, 208, 214	57, 149, 124	43, 120, 99	61, 131, 106
206, 210, 216	48, 144, 125	43, 121, 102	47, 120, 95
203, 207, 213	31, 125, 126	49, 128, 108	74, 145, 120
204, 208, 214	22, 117, 129	47, 127, 107	57, 132, 106
205, 209, 215	46, 145, 118	59, 136, 113	55, 126, 100
206, 210, 216	34, 136, 118	52, 130, 107	54, 126, 101
201, 205, 211	4, 111, 118	50, 128, 105	73, 143, 118
203, 207, 213	18, 107, 129	56, 133, 111	55, 129, 104
206, 210, 216	14, 127, 100	64, 141, 118	48, 119, 94
208, 212, 218	24, 133, 119	49, 127, 104	54, 127, 101
203, 207, 213	0, 94, 109	45, 124, 100	50, 123, 98
204, 208, 214	0, 72, 106	55, 134, 110	73, 146, 122
204, 208, 214	2, 121, 97	61, 139, 113	54, 125, 100
210, 213, 219	0, 118, 109	50, 129, 103	59, 131, 106
208, 212, 218	0, 82, 106	50, 129, 103	48, 121, 96
207, 211, 217	2, 73, 115	54, 133, 107	67, 141, 116
211, 214, 219	0, 85, 133	54, 125, 104	66, 126, 105
212, 215, 220	0, 99, 143	53, 125, 104	37, 103, 80
215, 218, 223	0, 103, 137	49, 122, 101	45, 111, 86
217, 220, 225	0, 116, 139	41, 116, 95	38, 102, 76
210, 213, 218	0, 71, 121	59, 130, 109	53, 115, 92
210, 213, 218	0, 104, 154	50, 121, 100	43, 107, 84
211, 214, 219	0, 111, 155	52, 126, 105	46, 110, 86
212, 215, 220	0, 110, 144	46, 124, 103	35, 96, 72
213, 216, 221	0, 75, 123	65, 135, 115	43, 105, 84
214, 217, 222	0, 87, 139	59, 130, 109	36, 99, 77
213, 216, 221	0, 88, 136	61, 134, 113	38, 101, 77
211, 214, 219	0, 89, 131	53, 130, 109	47, 106, 83
215, 218, 223	0, 86, 126	61, 131, 113	41, 109, 88
214, 217, 222	0, 84, 130	59, 130, 109	29, 99, 77
211, 214, 219	0, 76, 120	62, 135, 114	44, 112, 88
207, 211, 216	0, 78, 116	56, 130, 109	42, 107, 85
224, 228, 233	15, 88, 128	56, 125, 113	50, 120, 97
222, 227, 229	42, 118, 165	54, 122, 107	61, 129, 108
226, 231, 232	14, 80, 137	49, 117, 99	34, 105, 84
229, 233, 234	0, 56, 116	45, 114, 93	45, 117, 96
225, 229, 235	12, 84, 124	43, 116, 103	47, 116, 94
229, 233, 235	50, 124, 174	55, 124, 108	66, 133, 113
230, 234, 235	19, 72, 132	52, 120, 101	40, 110, 90
230, 234, 235	0, 44, 110	51, 119, 96	43, 114, 94
225, 229, 234	1, 74, 114	43, 125, 106	40, 111, 89
230, 234, 235	41, 116, 166	51, 130, 110	65, 132, 112
232, 236, 238	19, 76, 137	60, 139, 117	47, 116, 96
233, 237, 239	0, 48, 117	67, 146, 124	41, 112, 92
226, 230, 235	6, 79, 116	44, 121, 104	30, 103, 80
225, 230, 232	42, 113, 161	48, 121, 103	47, 117, 95
229, 233, 234	17, 82, 145	52, 124, 101	44, 114, 92
235, 240, 241	0, 58, 128	54, 123, 100	44, 116, 94
226, 228, 229	0, 73, 117	40, 119, 100	50, 117, 99
234, 236, 237	0, 72, 126	50, 128, 108	35, 105, 85
226, 228, 229	14, 87, 141	70, 147, 124	44, 113, 93
222, 224, 225	20, 101, 153	74, 152, 127	56, 121, 101
221, 226, 227	0, 65, 109	46, 123, 107	18, 93, 75
231, 235, 236	0, 75, 131	44, 122, 103	53, 122, 100
254, 255, 255	43, 110, 165	45, 120, 98	40, 110, 89
244, 249, 250	63, 126, 180	49, 123, 99	48, 115, 94
232, 237, 238	15, 78, 123	55, 131, 111	37, 106, 89
224, 229, 230	49, 108, 163	61, 137, 115	39, 109, 88
234, 238, 239	63, 118, 175	58, 136, 111	40, 110, 89
242, 247, 248	70, 124, 178	63, 141, 115	51, 117, 96
227, 231, 232	23, 79, 123	64, 136, 117	31, 101, 84
218, 223, 224	73, 121, 176	65, 140, 118	45, 114, 93
231, 236, 237	69, 116, 173	59, 137, 113	42, 111, 90
228, 232, 233	72, 120, 176	65, 143, 117	50, 116, 95
222, 227, 228	0, 80, 129	72, 136, 120	14, 100, 76
232, 236, 238	0, 82, 140	94, 156, 141	68, 145, 121
222, 227, 228	37, 118, 175	101, 161, 147	76, 149, 126
225, 229, 230	111, 178, 229	75, 138, 122	73, 144, 122
229, 233, 235	0, 83, 137	61, 126, 109	27, 110, 89
243, 248, 249	0, 83, 143	100, 161, 145	68, 146, 125
232, 237, 238	39, 115, 176	113, 174, 157	67, 145, 123
229, 233, 234	123, 186, 241	84, 145, 129	58, 133, 111
234, 239, 240	0, 84, 137	40, 105, 92	17, 101, 79
238, 243, 244	0, 87, 145	33, 101, 86	65, 147, 124
233, 237, 238	1, 90, 150	36, 104, 88	81, 159, 137
233, 237, 239	63, 136, 189	38, 108, 91	69, 144, 123
231, 236, 237	0, 79, 127	59, 121, 105	10, 96, 74
222, 227, 228	0, 83, 137	90, 151, 136	49, 131, 108
226, 230, 231	20, 103, 155	90, 149, 133	57, 136, 114
234, 239, 240	63, 137, 182	73, 135, 118	66, 142, 121
200, 205, 211	6, 101, 114	51, 113, 98	57, 118, 99
201, 205, 211	0, 83, 112	49, 113, 97	49, 115, 93
201, 205, 211	0, 85, 125	42, 107, 91	54, 120, 98
201, 205, 211	0, 88, 133	44, 112, 95	68, 136, 113
201, 206, 212	5, 101, 109	66, 127, 113	45, 109, 88
204, 208, 214	0, 81, 103	79, 139, 125	37, 104, 82
203, 207, 214	0, 87, 120	77, 136, 122	47, 114, 91
203, 207, 213	0, 87, 126	72, 133, 118	59, 127, 104
206, 211, 217	8, 107, 110	49, 112, 96	54, 117, 93
205, 208, 215	0, 85, 101	46, 109, 93	52, 118, 94
205, 209, 216	0, 83, 106	30, 99, 82	58, 125, 99
205, 209, 215	21, 109, 138	34, 101, 85	57, 127, 100
203, 208, 214	10, 109, 109	40, 104, 88	58, 122, 94
200, 204, 209	0, 85, 95	36, 100, 84	61, 127, 100
202, 206, 211	0, 76, 95	22, 92, 75	68, 134, 107
203, 207, 212	5, 89, 114	28, 97, 81	51, 121, 93
232, 237, 238		73, 134, 120	64, 124, 102
225, 230, 231		90, 150, 136	52, 113, 91
208, 212, 213		80, 140, 126	55, 111, 90
218, 223, 224		64, 121, 110	45, 102, 82
233, 239, 239		73, 134, 120	57, 117, 96
230, 235, 236		69, 129, 115	45, 107, 84
224, 229, 230		71, 132, 118	52, 109, 88
223, 228, 229		73, 134, 122	43, 101, 80
226, 231, 232		75, 139, 124	57, 118, 96
230, 235, 236		64, 126, 115	54, 114, 93
234, 237, 239		71, 134, 122	47, 104, 84
227, 231, 233		77, 140, 128	29, 90, 68
219, 223, 225		64, 129, 113	60, 120, 98
221, 226, 227		72, 135, 123	73, 133, 111
230, 234, 235		71, 134, 122	54, 111, 91
240, 244, 245		57, 121, 109	41, 99, 78
200, 204, 209		1, 97, 150	18, 94, 72
206, 209, 214		25, 114, 148	20, 100, 75
209, 212, 217		39, 119, 129	13, 99, 74
207, 210, 215		51, 127, 121	2, 94, 70
213, 217, 222		1, 96, 145	25, 99, 77
211, 215, 220		25, 114, 147	28, 106, 83
209, 213, 218		41, 120, 130	13, 102, 76
208, 211, 217		50, 129, 121	0, 90, 63
220, 224, 228		1, 101, 141	31, 103, 81
219, 222, 227		25, 115, 140	25, 102, 79
213, 216, 221		49, 128, 135	11, 98, 72
217, 220, 225		58, 134, 124	12, 101, 74
212, 215, 220		4, 101, 130	33, 105, 82
211, 214, 219		23, 110, 127	24, 101, 77
209, 212, 217		52, 128, 129	12, 98, 72
219, 223, 227		61, 133, 122	19, 106, 80
229, 232, 237			32, 94, 73
225, 229, 234			39, 104, 83
224, 227, 232			25, 91, 69
231, 235, 239			26, 90, 68
221, 224, 229			32, 97, 72
229, 231, 236			35, 101, 78
215, 218, 222			24, 92, 68
211, 213, 218			27, 92, 68
222, 223, 228			35, 100, 76
235, 236, 241			32, 99, 75
216, 218, 222			26, 93, 69
207, 208, 212			32, 96, 71
231, 233, 237			26, 92, 68
240, 242, 246			32, 100, 75
222, 223, 228			36, 104, 80
218, 219, 224			1, 78, 53
194, 197, 203			27, 90, 70
195, 198, 204			60, 119, 100
195, 198, 204			71, 130, 111
197, 200, 206			57, 116, 97
195, 198, 204			28, 91, 72
193, 196, 202			57, 117, 97
193, 196, 202			69, 128, 109
196, 199, 205			35, 96, 77
198, 201, 207			43, 102, 86
196, 199, 205			64, 123, 103
195, 198, 204			84, 142, 123
195, 198, 204			66, 125, 105
196, 199, 205			28, 90, 74
195, 198, 204			58, 117, 98
195, 198, 204			77, 135, 115
196, 199, 205			66, 124, 103
197, 200, 206			57, 117, 96
195, 198, 204			53, 109, 93
194, 197, 203			47, 104, 88
193, 196, 202			42, 96, 83
198, 201, 207			52, 113, 91
197, 200, 206			54, 111, 94
196, 199, 205			55, 111, 95
195, 198, 204			60, 113, 99
198, 201, 207			57, 117, 95
198, 201, 207			44, 102, 85
197, 200, 206			44, 101, 85
197, 200, 206			44, 100, 83
197, 200, 206			63, 123, 101
197, 200, 206			52, 108, 92
198, 201, 207			49, 105, 90
198, 201, 207			40, 95, 79
214, 217, 222			43, 125, 99
213, 216, 221			68, 144, 118
211, 214, 219			64, 141, 115
211, 214, 219			54, 131, 105
215, 218, 223			50, 130, 104
213, 216, 221			76, 149, 124
211, 214, 219			56, 131, 105
210, 213, 218			67, 140, 115
210, 213, 218			37, 119, 91
210, 213, 218			71, 146, 121
208, 211, 216			49, 124, 99
208, 211, 216			80, 152, 127
214, 217, 222			52, 131, 105
211, 214, 219			60, 135, 110
208, 212, 217			61, 135, 109
209, 212, 217			113, 181, 156
221, 225, 229			24, 120, 89
219, 223, 227			37, 131, 100
220, 223, 228			29, 130, 100
220, 223, 227			13, 121, 92
217, 221, 225			35, 128, 97
215, 218, 223			31, 126, 95
211, 214, 220			15, 120, 89
214, 218, 222			13, 121, 93
217, 221, 225			27, 122, 91
214, 217, 222			21, 118, 87
209, 213, 218			18, 122, 91
208, 212, 216			20, 125, 96
225, 230, 234			37, 130, 99
224, 228, 232			36, 129, 98
220, 223, 228			24, 126, 96
218, 222, 226			9, 118, 89
226, 231, 232			42, 94, 80
228, 232, 233			46, 102, 87
222, 226, 227			52, 110, 94
228, 233, 234			48, 104, 89
230, 235, 236			59, 110, 93
228, 232, 233			47, 100, 82
220, 224, 225			53, 108, 90
223, 228, 229			51, 104, 86
219, 223, 224			74, 124, 106
221, 225, 226			53, 105, 87
226, 231, 232			54, 106, 88
221, 226, 227			51, 102, 84
214, 219, 220			66, 124, 101
214, 219, 219			65, 124, 101
218, 223, 224			58, 120, 98
221, 226, 227			64, 126, 105
203, 207, 213			58, 110, 92
204, 208, 214			62, 113, 95
204, 208, 214			59, 110, 91
205, 209, 215			48, 101, 81
205, 209, 215			67, 124, 101
204, 208, 214			62, 120, 97
205, 209, 215			59, 119, 96
206, 210, 216			65, 127, 105
202, 206, 212			56, 114, 88
201, 205, 211			51, 109, 86
201, 205, 211			56, 116, 93
203, 207, 212			64, 125, 104
200, 204, 209			56, 114, 89
200, 204, 210			50, 108, 85
201, 205, 210			61, 120, 97
202, 206, 211			65, 126, 105
217, 221, 225			43, 113, 91
217, 220, 225			39, 110, 87
217, 221, 225			39, 110, 88
220, 223, 228			28, 102, 77
223, 227, 231			38, 108, 87
221, 225, 229			30, 102, 80
221, 225, 229			40, 110, 88
224, 228, 233			28, 103, 78
218, 221, 226			35, 106, 86
215, 218, 223			31, 102, 81
212, 215, 221			41, 111, 89
211, 215, 220			27, 100, 78
213, 215, 221			47, 115, 95
213, 216, 221			46, 114, 94
210, 213, 218			47, 116, 96
206, 209, 215			35, 105, 85
211, 213, 218			40, 99, 80
210, 213, 218			52, 112, 93
211, 214, 219			28, 91, 72
212, 215, 220			39, 104, 83
208, 211, 216			37, 95, 76
211, 214, 219			38, 100, 81
213, 216, 221			30, 93, 74
212, 216, 221			39, 104, 84
210, 213, 218			33, 93, 74
215, 218, 223			35, 98, 79
219, 222, 227			33, 95, 76
221, 224, 229			44, 108, 88
211, 214, 219			45, 102, 87
212, 215, 220			48, 108, 89
214, 217, 222			43, 104, 85
216, 219, 224			33, 95, 76
213, 216, 221			80, 127, 113
210, 214, 219			76, 123, 109
216, 219, 224			68, 114, 100
215, 218, 223			55, 101, 87
223, 227, 232			80, 126, 112
220, 223, 229			70, 116, 102
217, 220, 224			78, 124, 110
216, 219, 224			69, 115, 101
223, 227, 231			68, 114, 100
223, 227, 231			57, 104, 90
223, 226, 231			76, 121, 107
224, 228, 233			73, 119, 105
227, 231, 235			83, 128, 114
225, 229, 234			75, 121, 107
223, 226, 231			61, 107, 93
219, 222, 227			60, 107, 93
221, 226, 227			62, 110, 92
232, 236, 237			52, 100, 82
233, 237, 238			59, 108, 89
232, 236, 237			71, 116, 100
226, 231, 232			62, 110, 92
221, 226, 227			50, 98, 80
218, 223, 224			48, 96, 78
225, 230, 231			60, 106, 88
233, 237, 239			52, 100, 83
230, 234, 235			46, 94, 77
220, 225, 226			48, 97, 79
216, 221, 222			66, 112, 95
235, 240, 241			65, 113, 94
237, 242, 243			56, 104, 86
234, 239, 240			60, 108, 90
231, 235, 237			66, 111, 94
203, 207, 213			55, 107, 87
204, 208, 214			63, 112, 94
203, 207, 213			69, 119, 101
202, 206, 212			62, 111, 93
203, 207, 213			35, 88, 68
201, 205, 210			67, 117, 99
204, 208, 214			75, 124, 107
206, 210, 216			79, 128, 110
204, 208, 214			53, 105, 84
202, 206, 212			62, 112, 94
204, 208, 214			81, 130, 113
205, 209, 215			84, 133, 116
205, 209, 215			42, 95, 74
207, 211, 217			78, 127, 109
205, 209, 215			81, 130, 112
203, 207, 213			77, 127, 109
215, 218, 223			56, 105, 91
211, 214, 219			57, 105, 92
210, 213, 218			55, 100, 88
210, 213, 218			49, 94, 82
221, 226, 229			64, 112, 98
217, 221, 225			64, 111, 98
210, 214, 219			58, 102, 91
207, 211, 216			47, 93, 81
219, 222, 227			46, 96, 82
218, 222, 226			41, 89, 76
216, 219, 224			38, 84, 72
215, 218, 223			42, 89, 77
214, 217, 222			50, 100, 85
213, 215, 221			49, 96, 83
214, 217, 222			45, 92, 80
216, 219, 224			41, 88, 76
			72, 122, 104
			82, 131, 113
			73, 122, 104
			59, 107, 89
			74, 123, 105
			80, 129, 112
			64, 113, 95
			50, 98, 80
			61, 111, 93
			61, 111, 94
			49, 98, 81
			47, 95, 78
			61, 111, 94
			60, 111, 93
			53, 102, 84
			56, 104, 85
			59, 107, 89
			69, 116, 99
			56, 101, 84
			58, 102, 85
			71, 119, 101
			74, 121, 103
			64, 108, 91
			56, 104, 86
			64, 112, 94
			48, 96, 78
			54, 103, 85
			48, 96, 78
			62, 110, 93
			75, 121, 104
			50, 97, 79
			66, 113, 96
			45, 117, 93
			47, 118, 93
			42, 113, 89
			47, 118, 94
			43, 116, 92
			53, 123, 98
			50, 119, 96
			59, 128, 104
			54, 121, 99
			52, 121, 98
			54, 123, 100
			59, 129, 105
			41, 98, 78
			59, 114, 94
			54, 108, 88
			46, 101, 81
			62, 124, 103
			58, 123, 102
			60, 128, 106
			52, 124, 101
			49, 105, 86
			29, 86, 66
			61, 116, 96
			57, 111, 91
			43, 99, 80
			51, 107, 87
			53, 108, 88
			45, 100, 79
			38, 95, 76
			76, 129, 110
			53, 108, 88
			48, 103, 82
			43, 93, 79
			42, 92, 78
			44, 94, 80
			42, 93, 82
			52, 101, 87
			45, 95, 82
			43, 92, 79
			41, 92, 82
			58, 107, 92
			47, 97, 83
			40, 91, 78
			43, 94, 84
			49, 98, 84
			37, 88, 74
			32, 83, 70
			39, 91, 80
			54, 105, 87
			59, 107, 90
			58, 105, 88
			57, 106, 88
			45, 97, 78
			46, 96, 78
			59, 106, 88
			56, 105, 88
			59, 109, 91
			55, 105, 87
			46, 95, 77
			44, 93, 76
			67, 117, 99
			65, 114, 97
			45, 96, 79
			42, 92, 74
			46, 107, 86
			43, 104, 82
			48, 109, 87
			52, 113, 90
			53, 110, 89
			53, 112, 91
			49, 108, 87
			48, 109, 86
			56, 114, 92
			54, 113, 91
			51, 111, 90
			50, 111, 89
			55, 115, 93
			48, 110, 88
			54, 116, 95
			59, 120, 98
			37, 94, 75
			49, 104, 85
			40, 96, 78
			44, 101, 81
			31, 89, 70
			44, 98, 81
			47, 101, 83
			44, 99, 81
			36, 93, 74
			41, 94, 76
			51, 103, 85
			50, 103, 85
			47, 101, 83
			42, 95, 78
			47, 101, 83
			48, 101, 83
			37, 93, 77
			36, 92, 76
			34, 92, 78
			38, 96, 83
			34, 90, 74
			33, 89, 72
			32, 90, 76
			36, 95, 81
			39, 94, 79
			42, 97, 82
			39, 96, 82
			37, 96, 82
			33, 90, 74
			28, 85, 69
			31, 87, 73
			40, 96, 83
			59, 112, 92
			52, 106, 86
			41, 97, 78
			39, 95, 76
			63, 117, 97
			61, 114, 94
			50, 106, 87
			44, 100, 81
			51, 105, 85
			67, 120, 100
			48, 104, 85
			48, 104, 85
			45, 97, 77
			67, 119, 100
			41, 94, 76
			50, 104, 86
			49, 102, 84
			44, 98, 80
			48, 104, 85
			46, 102, 83
			58, 110, 92
			51, 105, 86
			53, 108, 89
			50, 105, 86
			52, 105, 87
			48, 103, 84
			52, 107, 88
			49, 105, 86
			55, 107, 90
			48, 103, 85
			44, 100, 82
			41, 98, 79
